6
0
22
0
0
262
0
183
0
46
0
62
0
6
0
27
27
27
27
27
27
5
80
169
11
178
0
159
141
0
199
4
0
3
4
22
45
24
188
0
7
232
30
6
5
180
11
0
188
8
0
101
0
0
6
13
112
35
159
63
258
6
259
211
54
0
107
203
11
43
0
109
0
191
181
5
0
93
159
181
0
197
5
5
0
0
0
8
14
88
41
25
27
72
8
21
0
10
40
36
10
35
10
6
46
41
232
66
79
36
32
31
7
40
0
42
16
38
19
23
53
3
3
9
0
49
0
78
54
0
23
2
0
0
44
2
1
0
3
51
9
11
0
0
0
18
44
0
27
18
46
36
58
51
34
34
34
36
34
0
0
0
176
47
47
47
47
47
47
26
37
60
2
39
49
66
38
14
23
16
6
1
102
115
12
84
52
3
12
0
18
29
3
21
3
32
66
75
85
6
167
130
180
56
24
11
194
3
31
0
4
9
63
123
59
0
127
6
51
0
0
49
247
7
0
98
